5.000000 -5.000000 0.000000 0.000000
5.008209 -4.774556 0.000000 0.004082
5.014581 -4.549136 0.000000 0.008163
5.019119 -4.323753 0.000000 0.012245
5.021822 -4.098418 0.000000 0.016327
5.022691 -3.873143 0.000000 0.020408
5.021725 -3.647938 0.000000 0.024490
5.018927 -3.422817 0.000000 0.028571
5.014297 -3.197790 0.000000 0.032653
5.007834 -2.972868 0.000000 0.036735
4.999541 -2.748064 0.000000 0.040816
4.989418 -2.523389 0.000000 0.044898
4.977467 -2.298855 0.000000 0.048980
4.963687 -2.074472 0.000000 0.053061
4.948081 -1.850253 0.000000 0.057143
4.930649 -1.626209 0.000000 0.061224
4.911392 -1.402351 0.000000 0.065306
4.890313 -1.178692 0.000000 0.069388
4.867411 -0.955242 0.000000 0.073469
4.842690 -0.732013 0.000000 0.077551
4.816150 -0.509016 0.000000 0.081633
4.787792 -0.286264 0.000000 0.085714
4.757619 -0.063767 0.000000 0.089796
4.725631 0.158464 0.000000 0.093878
4.691832 0.380416 0.000000 0.097959
4.656222 0.602078 0.000000 0.102041
4.618803 0.823439 0.000000 0.106122
4.579578 1.044488 0.000000 0.110204
4.538548 1.265212 0.000000 0.114286
4.495716 1.485602 0.000000 0.118367
4.451083 1.705644 0.000000 0.122449
4.404653 1.925329 0.000000 0.126531
4.356426 2.144644 0.000000 0.130612
4.306405 2.363578 0.000000 0.134694
4.254594 2.582120 0.000000 0.138776
4.200993 2.800259 0.000000 0.142857
4.145606 3.017983 0.000000 0.146939
4.088436 3.235282 0.000000 0.151020
4.029485 3.452143 0.000000 0.155102
3.968755 3.668555 0.000000 0.159184
3.906250 3.884508 0.000000 0.163265
3.841972 4.099990 0.000000 0.167347
3.775924 4.314989 0.000000 0.171429
3.708109 4.529496 0.000000 0.175510
3.638531 4.743498 0.000000 0.179592
3.567191 4.956984 0.000000 0.183673
3.494095 5.169943 0.000000 0.187755
3.419243 5.382365 0.000000 0.191837
3.342641 5.594237 0.000000 0.195918
3.264291 5.805549 0.000000 0.200000
