5.000000 -5.000000 0.000000
5.000000 -4.966555 0.000000
5.000000 -4.933110 0.000000
5.000000 -4.899666 0.000000
5.000000 -4.866221 0.000000
5.000000 -4.832776 0.000000
5.000000 -4.799331 0.000000
5.000000 -4.765886 0.000000
5.000000 -4.732441 0.000000
5.000000 -4.698997 0.000000
5.000000 -4.665552 0.000000
5.000000 -4.632107 0.000000
5.000000 -4.598662 0.000000
5.000000 -4.565217 0.000000
5.000000 -4.531773 0.000000
5.000000 -4.498328 0.000000
5.000000 -4.464883 0.000000
5.000000 -4.431438 0.000000
5.000000 -4.397993 0.000000
5.000000 -4.364548 0.000000
5.000000 -4.331104 0.000000
5.000000 -4.297659 0.000000
5.000000 -4.264214 0.000000
5.000000 -4.230769 0.000000
5.000000 -4.197324 0.000000
5.000000 -4.163880 0.000000
5.000000 -4.130435 0.000000
5.000000 -4.096990 0.000000
5.000000 -4.063545 0.000000
5.000000 -4.030100 0.000000
5.000000 -3.996656 0.000000
5.000000 -3.963211 0.000000
5.000000 -3.929766 0.000000
5.000000 -3.896321 0.000000
5.000000 -3.862876 0.000000
5.000000 -3.829431 0.000000
5.000000 -3.795987 0.000000
5.000000 -3.762542 0.000000
5.000000 -3.729097 0.000000
5.000000 -3.695652 0.000000
5.000000 -3.662207 0.000000
5.000000 -3.628763 0.000000
5.000000 -3.595318 0.000000
5.000000 -3.561873 0.000000
5.000000 -3.528428 0.000000
5.000000 -3.494983 0.000000
5.000000 -3.461538 0.000000
5.000000 -3.428094 0.000000
5.000000 -3.394649 0.000000
5.000000 -3.361204 0.000000
5.000000 -3.327759 0.000000
5.000000 -3.294314 0.000000
5.000000 -3.260870 0.000000
5.000000 -3.227425 0.000000
5.000000 -3.193980 0.000000
5.000000 -3.160535 0.000000
5.000000 -3.127090 0.000000
5.000000 -3.093645 0.000000
5.000000 -3.060201 0.000000
5.000000 -3.026756 0.000000
5.000000 -2.993311 0.000000
5.000000 -2.959866 0.000000
5.000000 -2.926421 0.000000
5.000000 -2.892977 0.000000
5.000000 -2.859532 0.000000
5.000000 -2.826087 0.000000
5.000000 -2.792642 0.000000
5.000000 -2.759197 0.000000
5.000000 -2.725753 0.000000
5.000000 -2.692308 0.000000
5.000000 -2.658863 0.000000
5.000000 -2.625418 0.000000
5.000000 -2.591973 0.000000
5.000000 -2.558528 0.000000
5.000000 -2.525084 0.000000
5.000000 -2.491639 0.000000
5.000000 -2.458194 0.000000
5.000000 -2.424749 0.000000
5.000000 -2.391304 0.000000
5.000000 -2.357860 0.000000
5.000000 -2.324415 0.000000
5.000000 -2.290970 0.000000
5.000000 -2.257525 0.000000
5.000000 -2.224080 0.000000
5.000000 -2.190635 0.000000
5.000000 -2.157191 0.000000
5.000000 -2.123746 0.000000
5.000000 -2.090301 0.000000
5.000000 -2.056856 0.000000
5.000000 -2.023411 0.000000
5.000000 -1.989967 0.000000
5.000000 -1.956522 0.000000
5.000000 -1.923077 0.000000
5.000000 -1.889632 0.000000
5.000000 -1.856187 0.000000
5.000000 -1.822742 0.000000
5.000000 -1.789298 0.000000
5.000000 -1.755853 0.000000
5.000000 -1.722408 0.000000
5.000000 -1.688963 0.000000
5.000000 -1.655518 0.000000
5.000000 -1.622074 0.000000
5.000000 -1.588629 0.000000
5.000000 -1.555184 0.000000
5.000000 -1.521739 0.000000
5.000000 -1.488294 0.000000
5.000000 -1.454849 0.000000
5.000000 -1.421405 0.000000
5.000000 -1.387960 0.000000
5.000000 -1.354515 0.000000
5.000000 -1.321070 0.000000
5.000000 -1.287625 0.000000
5.000000 -1.254181 0.000000
5.000000 -1.220736 0.000000
5.000000 -1.187291 0.000000
5.000000 -1.153846 0.000000
5.000000 -1.120401 0.000000
5.000000 -1.086957 0.000000
5.000000 -1.053512 0.000000
5.000000 -1.020067 0.000000
5.000000 -0.986622 0.000000
5.000000 -0.953177 0.000000
5.000000 -0.919732 0.000000
5.000000 -0.886288 0.000000
5.000000 -0.852843 0.000000
5.000000 -0.819398 0.000000
5.000000 -0.785953 0.000000
5.000000 -0.752508 0.000000
5.000000 -0.719064 0.000000
5.000000 -0.685619 0.000000
5.000000 -0.652174 0.000000
5.000000 -0.618729 0.000000
5.000000 -0.585284 0.000000
5.000000 -0.551839 0.000000
5.000000 -0.518395 0.000000
5.000000 -0.484950 0.000000
5.000000 -0.451505 0.000000
5.000000 -0.418060 0.000000
5.000000 -0.384615 0.000000
5.000000 -0.351171 0.000000
5.000000 -0.317726 0.000000
5.000000 -0.284281 0.000000
5.000000 -0.250836 0.000000
5.000000 -0.217391 0.000000
5.000000 -0.183946 0.000000
5.000000 -0.150502 0.000000
5.000000 -0.117057 0.000000
5.000000 -0.083612 0.000000
5.000000 -0.050167 0.000000
5.000000 -0.016722 0.000000
5.000000 0.016722 0.000000
5.000000 0.050167 0.000000
5.000000 0.083612 0.000000
5.000000 0.117057 0.000000
5.000000 0.150502 0.000000
5.000000 0.183946 0.000000
5.000000 0.217391 0.000000
5.000000 0.250836 0.000000
5.000000 0.284281 0.000000
5.000000 0.317726 0.000000
5.000000 0.351171 0.000000
5.000000 0.384615 0.000000
5.000000 0.418060 0.000000
5.000000 0.451505 0.000000
5.000000 0.484950 0.000000
5.000000 0.518395 0.000000
5.000000 0.551839 0.000000
5.000000 0.585284 0.000000
5.000000 0.618729 0.000000
5.000000 0.652174 0.000000
5.000000 0.685619 0.000000
5.000000 0.719064 0.000000
5.000000 0.752508 0.000000
5.000000 0.785953 0.000000
5.000000 0.819398 0.000000
5.000000 0.852843 0.000000
5.000000 0.886288 0.000000
5.000000 0.919732 0.000000
5.000000 0.953177 0.000000
5.000000 0.986622 0.000000
5.000000 1.020067 0.000000
5.000000 1.053512 0.000000
5.000000 1.086957 0.000000
5.000000 1.120401 0.000000
5.000000 1.153846 0.000000
5.000000 1.187291 0.000000
5.000000 1.220736 0.000000
5.000000 1.254181 0.000000
5.000000 1.287625 0.000000
5.000000 1.321070 0.000000
5.000000 1.354515 0.000000
5.000000 1.387960 0.000000
5.000000 1.421405 0.000000
5.000000 1.454849 0.000000
5.000000 1.488294 0.000000
5.000000 1.521739 0.000000
5.000000 1.555184 0.000000
5.000000 1.588629 0.000000
5.000000 1.622074 0.000000
5.000000 1.655518 0.000000
5.000000 1.688963 0.000000
5.000000 1.722408 0.000000
5.000000 1.755853 0.000000
5.000000 1.789298 0.000000
5.000000 1.822742 0.000000
5.000000 1.856187 0.000000
5.000000 1.889632 0.000000
5.000000 1.923077 0.000000
5.000000 1.956522 0.000000
5.000000 1.989967 0.000000
5.000000 2.023411 0.000000
5.000000 2.056856 0.000000
5.000000 2.090301 0.000000
5.000000 2.123746 0.000000
5.000000 2.157191 0.000000
5.000000 2.190635 0.000000
5.000000 2.224080 0.000000
5.000000 2.257525 0.000000
5.000000 2.290970 0.000000
5.000000 2.324415 0.000000
5.000000 2.357860 0.000000
5.000000 2.391304 0.000000
5.000000 2.424749 0.000000
5.000000 2.458194 0.000000
5.000000 2.491639 0.000000
5.000000 2.525084 0.000000
5.000000 2.558528 0.000000
5.000000 2.591973 0.000000
5.000000 2.625418 0.000000
5.000000 2.658863 0.000000
5.000000 2.692308 0.000000
5.000000 2.725753 0.000000
5.000000 2.759197 0.000000
5.000000 2.792642 0.000000
5.000000 2.826087 0.000000
5.000000 2.859532 0.000000
5.000000 2.892977 0.000000
5.000000 2.926421 0.000000
5.000000 2.959866 0.000000
5.000000 2.993311 0.000000
5.000000 3.026756 0.000000
5.000000 3.060201 0.000000
5.000000 3.093645 0.000000
5.000000 3.127090 0.000000
5.000000 3.160535 0.000000
5.000000 3.193980 0.000000
5.000000 3.227425 0.000000
5.000000 3.260870 0.000000
5.000000 3.294314 0.000000
5.000000 3.327759 0.000000
5.000000 3.361204 0.000000
5.000000 3.394649 0.000000
5.000000 3.428094 0.000000
5.000000 3.461538 0.000000
5.000000 3.494983 0.000000
5.000000 3.528428 0.000000
5.000000 3.561873 0.000000
5.000000 3.595318 0.000000
5.000000 3.628763 0.000000
5.000000 3.662207 0.000000
5.000000 3.695652 0.000000
5.000000 3.729097 0.000000
5.000000 3.762542 0.000000
5.000000 3.795987 0.000000
5.000000 3.829431 0.000000
5.000000 3.862876 0.000000
5.000000 3.896321 0.000000
5.000000 3.929766 0.000000
5.000000 3.963211 0.000000
5.000000 3.996656 0.000000
5.000000 4.030100 0.000000
5.000000 4.063545 0.000000
5.000000 4.096990 0.000000
5.000000 4.130435 0.000000
5.000000 4.163880 0.000000
5.000000 4.197324 0.000000
5.000000 4.230769 0.000000
5.000000 4.264214 0.000000
5.000000 4.297659 0.000000
5.000000 4.331104 0.000000
5.000000 4.364548 0.000000
5.000000 4.397993 0.000000
5.000000 4.431438 0.000000
5.000000 4.464883 0.000000
5.000000 4.498328 0.000000
5.000000 4.531773 0.000000
5.000000 4.565217 0.000000
5.000000 4.598662 0.000000
5.000000 4.632107 0.000000
5.000000 4.665552 0.000000
5.000000 4.698997 0.000000
5.000000 4.732441 0.000000
5.000000 4.765886 0.000000
5.000000 4.799331 0.000000
5.000000 4.832776 0.000000
5.000000 4.866221 0.000000
5.000000 4.899666 0.000000
5.000000 4.933110 0.000000
5.000000 4.966555 0.000000
5.000000 5.000000 0.000000
